11
32767 10    5     32767 32767 32767 32767 32767 32767 32767 32767
32767 32767 32767 20    32767 32767 32767 32767 32767 32767 32767
32767 32767 32767 32767 5     32767 32767 32767 32767 32767 32767
32767 32767 32767 32767 32767 20    32767 32767 32767 32767 32767
32767 32767 32767 5     32767 32767 15    5     32767 32767 32767
32767 32767 32767 32767 32767 32767 32767 32767 10    32767 32767
32767 32767 32767 32767 32767 32767 32767 32767 32767 5     32767
32767 32767 32767 32767 32767 32767 32767 32767 32767 5     32767
32767 32767 32767 32767 32767 32767 32767 32767 32767 10    32767
32767 32767 32767 32767 32767 32767 32767 32767 32767 32767 10
32767 32767 32767 32767 32767 32767 32767 32767 32767 32767 32767